#ARO Tracking Data by Nikeet Pandit and Diego Mateos
2023.010.02:00:00  319 18 09.3  0.0020230  -24 -7  -10.6  0.0016440
2023.010.02:01:00  319 25 25.4  0.0020140  -24 -1  -15.7  0.0016440
2023.010.02:02:00  319 33 39.6  0.0020060  -23 -55  -20.8  0.0016440
2023.010.02:03:00  319 40 51.9  0.0019970  -23 -49  -25.9  0.0016440
2023.010.02:04:00  319 47 02.5  0.0019880  -23 -44  -31.0  0.0016440
2023.010.02:05:00  319 54 11.1  0.0019800  -23 -38  -36.1  0.0016430
2023.010.02:06:00  320 01 17.9  0.0019710  -23 -32  -41.3  0.0016430
2023.010.02:07:00  320 08 22.8  0.0019630  -23 -26  -46.5  0.0016430
2023.010.02:08:00  320 15 25.9  0.0019540  -23 -20  -51.8  0.0016430
2023.010.02:09:00  320 22 27.1  0.0019450  -23 -14  -57.1  0.0016430
2023.010.02:10:00  320 29 26.4  0.0019360  -23 -8  -2.5  0.0016420
2023.010.02:11:00  320 36 23.8  0.0019280  -23 -2  -7.9  0.0016420
2023.010.02:12:00  320 43 19.3  0.0019190  -22 -56  -13.4  0.0016420
2023.010.02:13:00  320 50 13.0  0.0019100  -22 -50  -19.0  0.0016410
2023.010.02:14:00  320 57 04.7  0.0019010  -22 -44  -24.7  0.0016410
2023.010.02:15:00  321 04 54.5  0.0018930  -22 -39  -30.4  0.0016410
2023.010.02:16:00  321 11 42.5  0.0018840  -22 -33  -36.2  0.0016400
2023.010.02:17:00  321 17 28.5  0.0018750  -22 -27  -42.1  0.0016400
2023.010.02:18:00  321 24 12.6  0.0018660  -22 -21  -48.1  0.0016390
2023.010.02:19:00  321 31 54.8  0.0018570  -22 -15  -54.2  0.0016390
2023.010.02:20:00  321 38 35.0  0.0018480  -22 -9  -0.4  0.0016380
2023.010.02:21:00  321 44 13.4  0.0018390  -22 -3  -6.7  0.0016380
2023.010.02:22:00  321 51 49.8  0.0018300  -21 -57  -13.1  0.0016370
2023.010.02:23:00  321 57 24.2  0.0018210  -21 -51  -19.7  0.0016370
2023.010.02:24:00  322 04 56.8  0.0018120  -21 -45  -26.4  0.0016360
2023.010.02:25:00  322 10 27.3  0.0018030  -21 -40  -33.2  0.0016360
2023.010.02:26:00  322 17 56.0  0.0017940  -21 -34  -40.2  0.0016350
2023.010.02:27:00  322 23 22.7  0.0017850  -21 -28  -47.3  0.0016340
2023.010.02:28:00  322 30 47.4  0.0017760  -21 -22  -54.6  0.0016330
2023.010.02:29:00  322 36 10.2  0.0017670  -21 -16  -2.0  0.0016330
2023.010.02:30:00  322 43 31.0  0.0017580  -21 -10  -9.6  0.0016320
